751     5     ’≈ƒÀΩ≠  
749     12      
747     0       
743     7     µÀ”–«ø  
731     1       
723     0       443
717     3     ≤‹”Ò∑Â  
707     2     —¶∏’  
703     2       333
625     3     ddd  
615     0     444  
608     1     3466  
601     0     246  
546     0       
529     9       
523     0       
521     3       
517     0       
516     0       
515     0       
509     2       
509     1       
509     0       
509     0       
507     0       
507     0       
505     6       
505     0       
505     0       
501     0       
499     5       
499     0       
499     0       
497     0       
497     0       
497     0       
495     1       
495     0       
495     0       
495     0       
493     0       
493     0       
491     6       rrr
491     0       
487     6       
487     0       
487     0       
485     0       
485     0       
483     0       
477     0       
477     0       
477     0       
477     0       
475     3       
475     0       
475     0       
473     4       
469     3       
469     1       
469     0       
463     0       
459     3       
459     0       
459     0       
457     0       
457     0       
457     0       
457     0       
457     0       
455     2       
455     0       
455     0       
455     0       
455     0       
453     6       
453     3       
451     1       
451     0       
451     0       
451     0       
451     0       
451     0       
451     0       
451     0       
451     0       
451     0       111
437     0       
377     3       
369     8       
363     6       
304     0       
275     3       
263     0       
259     3       
259     0       
259     0       
249     0       
249     0       
248     0       333
245     0       
243     6       
243     6       
243     0       
241     2       
239     6       
239     5       
239     3       
239     3       
239     2       
239     1       
239     0       
239     0       
239     0       
239     0       
239     0       
239     0       
239     0       
237     4       
237     0       
237     0       
235     4       
235     0       
235     0       
235     0       
235     0       
235     0       
234     0       
233     3       
233     0       
233     0       
229     0       
229     0       
229     0       
227     0       
227     0       
227     0       
227     0       
225     3       
225     3       
225     2       
225     0       
223     3       
223     2       
223     1       
223     1       
223     0       
223     0       
221     1       
221     0       
221     0       
221     0       
219     6       
219     5       
219     0       
219     0       
217     3       
217     1       
217     0       
217     0       
217     0       
215     3       
215     1       
215     0       
215     0       
213     3       
213     0       
211     6       
211     3       
211     3       
207     0       
205     2       
203     3       
203     3       
203     3       
203     3       
203     2       
203     2       
203     2       
203     0       
203     0       
201     0       
201     0       
201     0       
200     0       
199     0       
174     6       
172     1       
160     0       
149     6       
148     3       
147     3       
146     3       
145     0       
141     3       À¿Õˆ÷Æ¬√   
137     3       
134     0       
58      0       
58      0       
58      0       
58      0       
58      0       
58      0       
58      0       
58      0       
55      0       
51      0       
49      0       
33      0       
29      0       
12      0       
11      0       
0       8       
0       8       
